Lenlab red 7.4 Voltmeter-Daten
Zeit;Kanal_1
0;1.621
1;1.62422
2;1.63308
3;1.64597
4;1.64436
5;1.64275
6;1.51868
7;1.51143
8;1.48726
9;1.60005
10;1.60488
11;1.62664
12;1.62825
13;1.63792
14;1.62825
15;1.6073
16;1.62261
17;1.62341
18;1.61938
19;1.61777
20;1.61777
21;1.63066
22;1.64758
23;1.6218
24;1.52754
25;1.65242
26;1.63953
27;1.62986
28;1.61858
29;1.61375
30;1.62664
31;1.62905
32;1.64758
33;1.64839
34;1.64436
35;1.63147
36;1.62422
37;1.61697
38;1.75232
39;2.04961
40;2.07136
41;2.07217
42;2.09875
43;2.31709
44;2.41699
45;2.42344
46;2.42263
47;2.3751
48;2.37268
49;1.66934
50;1.62261
51;1.62664
52;1.6218
53;1.61052
54;1.61294
55;1.61536
56;1.61777
57;1.64194
58;1.64114
59;1.64194
60;1.62905
61;1.61375
62;1.60569
63;1.61133
64;1.61858
65;1.63792
66;1.63953
67;1.63872
68;1.62583
69;1.61536
70;1.60811
71;1.61213
72;1.61938
73;1.62744
74;1.63389
75;1.64114
76;1.63228
77;1.62341
78;1.61616
79;1.61616
80;1.61616
81;1.63711
82;1.63308
83;1.64275
84;1.63066
85;1.61536
86;1.6073
87;1.61294
88;1.621
89;1.62422
90;1.64033
91;1.63953
92;1.62905
93;1.62502
94;1.60891
95;1.61052
96;1.62019
97;1.62905
98;1.63953
99;1.63792
100;1.64114
101;1.62583
102;1.61455
103;1.6073
104;1.61213
105;1.61858
106;1.63469
107;1.6363
108;1.63872
109;1.62986
110;1.62341
111;1.61375
112;1.61213
113;1.41152
114;1.47678
115;1.45261
116;1.55735
117;1.52834
118;1.53962
119;1.62905
120;1.62019
121;1.61213
122;1.60972
123;1.63228
124;1.6355
125;1.63953
126;1.64597
127;1.63711
128;1.62583
129;1.62502
130;1.61375
131;1.62019
132;1.60972
133;1.62422
134;1.62825
135;1.64436
136;1.64517
137;1.64275
138;1.63711
139;1.62905
140;1.61616
141;1.61294
142;1.60811
143;1.61213
144;1.62422
145;1.63469
146;1.64436
147;1.64758
148;1.63792
149;1.62986
150;1.61697
151;1.61294
152;1.61294
153;1.61697
154;1.62502
155;1.62825
156;1.64194
157;1.64355
158;1.63792
159;1.64114
160;1.62905
161;1.61777
162;1.60891
163;1.61133
164;1.61858
165;1.621
166;1.63389
167;1.64194
168;1.64355
169;1.64517
170;1.6363
171;1.6363
172;1.63066
173;1.61938
174;1.61616
175;1.61052
176;1.61133
177;1.61052
178;1.61616
179;1.62502
180;1.62905
181;1.6355
182;1.6363
183;1.64114
184;1.63469
185;1.63066
186;1.62502
187;1.61858
188;1.61375
189;1.60649
190;1.61455
191;1.62583
192;1.62664
193;1.63792
194;1.63469
195;1.63792
196;1.62905
197;1.62422
198;1.61455
199;1.61213
200;1.60891
201;1.61536
202;1.62664
203;1.6363
204;1.64114
205;1.64033
206;1.6355
207;1.6355
208;1.62341
209;1.62422
210;1.6218
211;1.63469
212;1.63953
213;1.64597
214;1.65
215;1.64678
216;1.62825
217;1.62664
218;1.61777
219;1.61616
220;1.62341
221;1.63792
222;1.64436
223;1.65081
224;1.64678
225;1.64114
226;1.63389
227;1.62905
228;1.61616
229;1.61938
230;1.61858
231;1.62019
232;1.62422
233;1.6355
234;1.61938
235;1.64436
236;1.64033
237;1.63469
238;1.62986
239;1.62341
240;1.61616
241;1.61133
242;1.61697
243;1.621
244;1.62825
245;1.63711
246;1.64436
247;1.65483
248;1.64678
249;1.64275
250;1.63066
251;1.62019
252;1.61455
253;1.61616
254;1.61213
255;1.61375
256;1.621
257;1.62502
258;1.65322
259;1.64436
260;1.64194
261;1.64355
262;1.63872
263;1.63469
264;1.62664
265;1.61616
266;1.61133
267;1.61213
268;1.61133
269;1.61616
270;1.61777
271;1.63147
272;1.64194
273;1.64275
274;1.63711
275;1.63469
276;1.63228
277;1.61777
278;1.61294
279;1.61375
280;1.60972
281;1.61133
282;1.621
283;1.62422
284;1.62583
285;1.6363
286;1.64355
287;1.63872
288;1.64355
289;1.63953
290;1.62825
291;1.62502
292;1.61616
293;1.60811
294;1.61375
295;1.60891
296;1.61455
297;1.62261
298;1.63147
299;1.63389
300;1.64194
301;1.63872
302;1.64033
303;1.64114
304;1.62341
305;1.61938
306;1.61213
307;1.61536
308;1.60166
309;1.61858
310;1.64033
311;1.63872
312;1.64597
313;1.64114
314;1.64033
315;1.63711
316;1.62744
317;1.62261
318;1.62019
319;1.61375
320;1.61213
321;1.61858
322;1.61616
323;1.61938
324;1.621
325;1.62825
326;1.62744
327;1.6355
328;1.63308
329;1.62825
330;1.64355
331;1.64597
332;1.64597
333;1.64194
334;1.64114
335;1.63792
336;1.63147
337;1.62341
338;1.62502
339;1.61616
340;1.61938
341;1.61858
342;1.61133
343;1.61858
344;1.61777
345;1.62583
346;1.63872
347;1.63711
348;1.63872
349;1.64678
350;1.65403
351;1.65483
352;1.63953
353;1.61213
354;1.51143
355;1.51868
356;1.61616
357;1.61777
358;1.62261
359;1.62261
360;1.6355
361;1.6355
362;1.64033
363;1.64275
364;1.64517
365;1.64194
366;1.64355
367;1.63469
368;1.64033
369;1.63711
370;1.64033
371;1.64033
372;1.64114
373;1.64597
374;1.62502
375;1.46309
376;1.64919
377;1.63953
378;1.62825
379;1.62986
380;1.62986
381;1.62664
382;1.62664
383;1.62664
384;1.621
385;1.61616
386;1.61697
387;1.61455
388;1.61858
389;1.62019
390;1.62825
391;1.61777
392;1.62502
393;1.62825
394;1.62986
395;1.62905
396;1.63228
397;1.63389
398;1.64033
399;1.63469
400;1.64033
401;1.64355
402;1.65161
403;1.65564
404;1.65886
405;1.65645
406;1.65886
407;1.65967
408;1.65403
409;1.65403
410;1.65967
411;1.66208
412;1.65967
413;1.65967
414;1.64919
415;1.64436
416;1.64517
417;1.64758
418;1.64355
419;1.6363
420;1.64597
421;1.64275
422;1.64033
423;1.63711
424;1.63872
425;1.63308
426;1.63469
427;1.62905
428;1.63066
429;1.62422
430;1.62502
431;1.62422
432;1.60488
433;1.62583
434;1.62502
435;1.63308
436;1.63872
437;1.64517
438;1.6355
439;1.64758
440;1.65322
441;1.65
442;1.64839
443;1.65564
444;1.64033
445;1.64275
446;1.6355
447;1.6355
448;1.63308
449;1.62825
450;1.6218
451;1.62744
452;1.62664
453;1.61777
454;1.62825
455;1.61213
456;1.6363
457;1.6355
458;1.6355
459;1.6363
460;1.63953
461;1.63953
462;1.64758
463;1.65403
464;1.65564
465;1.66047
466;1.64839
467;1.65645
468;1.65483
469;1.65161
470;1.65886
471;1.65161
472;1.66047
473;1.65322
474;1.65645
475;1.65645
476;1.65483
477;1.65725
478;1.67739
479;1.65161
480;1.65081
481;1.63953
482;1.64919
483;1.66934
484;1.66772
485;1.64355
486;1.6363
487;1.63469
488;1.63389
489;1.63147
490;1.62583
491;1.62905
492;1.62502
493;1.61938
494;1.62583
495;1.62261
496;1.621
497;1.62583
498;1.62664
499;1.63147
500;1.63228
501;1.6363
502;1.63872
503;1.63792
504;1.63872
505;1.63872
506;1.63953
507;1.64678
508;1.64597
509;1.65081
510;1.65
511;1.64839
512;1.65161
513;1.64919
514;1.64678
515;1.65322
516;1.63308
517;1.65
518;1.65242
519;1.64919
520;1.64436
521;1.64355
522;1.63872
523;1.63711
524;1.6363
525;1.65403
526;1.6355
527;1.62986
528;1.63792
529;1.63066
530;1.621
531;1.61858
532;1.62422
533;1.63308
534;1.62422
535;1.62502
536;1.63228
537;1.6218
538;1.6355
539;1.63389
540;1.62825
541;1.62744
542;1.62261
543;1.63389
544;1.63308
545;1.64355
546;1.64436
547;1.63469
548;1.67336
549;1.64194
550;1.64275
551;1.64597
552;1.64436
553;1.63872
554;1.64275
555;1.6355
556;1.63469
557;1.62825
558;1.62986
559;1.61858
560;1.62261
561;1.61052
562;1.61455
563;1.61536
564;1.61052
565;1.61375
566;1.61294
567;1.61052
568;1.60972
569;1.61938
570;1.61858
571;1.60891
572;1.62502
573;1.60569
574;1.62744
575;1.62986
576;1.63308
577;1.63389
578;1.64033
579;1.63953
580;1.64194
581;1.63711
582;1.63953
583;1.63711
584;1.65081
585;1.65161
586;1.64678
587;1.63147
588;1.63953
589;1.63872
590;1.64275
591;1.65483
592;1.64114
593;1.62664
594;1.62905
595;1.62986
596;1.62986
597;1.63469
598;1.62986
599;1.62664
600;1.62825
601;1.61616
602;1.61375
603;1.6073
604;1.62986
605;1.59844
606;1.60327
607;1.58716
608;1.60247
609;1.6073
610;1.61294
611;1.61052
612;1.61536
613;1.62744
614;1.62664
615;1.64436
616;1.64275
617;1.64597
618;1.64517
619;1.64758
620;1.64355
621;1.64275
622;1.61777
623;1.63469
624;1.64758
625;1.63872
626;1.63711
627;1.63872
628;1.64275
629;1.63389
630;1.6363
631;1.63147
632;1.63066
633;1.62664
634;1.62744
635;1.62422
636;1.62019
637;1.62019
638;1.62422
639;1.6363
640;1.62422
641;1.62986
642;1.62341
643;1.62583
644;1.61375
645;1.61133
646;1.61777
647;1.6218
648;1.62261
649;1.63228
650;1.63792
651;1.64919
652;1.64436
653;1.6363
654;1.64597
655;1.64194
656;1.63469
657;1.63147
658;1.62905
659;1.61858
660;1.61294
661;1.61052
662;1.62261
663;1.62744
664;1.61938
665;1.62583
666;1.65242
667;1.64114
668;1.62744
669;1.62422
670;1.62905
671;1.63389
672;1.62825
673;1.6363
674;1.6218
675;1.6355
676;1.63389
677;1.61052
678;1.60488
679;1.6363
680;1.61777
681;1.60972
682;1.62825
683;1.62261
684;1.61697
685;1.60972
686;1.61052
687;1.60649
688;1.6218
689;1.60649
690;1.60005
691;1.60005
692;1.60891
693;1.60569
694;1.53157
695;1.61375
696;1.60247
697;1.61052
698;1.6363
699;1.62583
700;1.63066
701;1.63308
702;1.62825
703;1.63066
704;1.62341
705;1.60891
706;1.64355
707;1.62905
708;1.63308
709;1.35835
710;1.54607
711;1.66208
712;1.65886
713;1.60891
714;1.63872
715;1.6355
716;1.42039
717;1.63228
718;1.64758
719;1.65403
720;1.64114
721;1.63872
722;1.63469
723;1.64275
724;1.63872
725;1.62986
726;1.62905
727;1.62422
728;1.61616
729;1.62583
730;1.62825
731;1.65081
732;1.62583
733;1.61616
734;1.61455
735;1.62261
736;1.62019
737;1.61294
738;1.61294
739;1.61455
740;1.61294
741;1.60488
742;1.60085
743;1.59683
744;1.36963
745;1.32371
746;1.59521
747;1.62744
748;1.58232
749;1.5646
750;1.59521
751;1.55332
752;1.50015
753;1.61536
754;1.61536
755;1.61455
756;1.63389
757;1.62422
758;1.61455
759;1.61858
760;1.62019
761;1.62583
762;1.52754
763;1.54768
764;1.26248
765;1.29792
766;1.31082
767;1.33579
768;1.37849
769;1.3946
770;1.42441
771;1.4228
772;1.40911
773;1.41313
774;1.4083
775;1.37446
776;1.3366
777;1.63469
778;1.65
779;1.65322
780;1.66047
781;1.65725
782;1.65322
783;1.65483
784;1.65564
785;1.64033
786;1.63953
787;1.63066
788;1.64114
789;1.63872
790;1.63308
791;1.63711
792;1.52673
793;1.32935
794;1.30195
795;1.28826
796;1.30195
797;1.36802
798;1.35271
799;1.28987
800;1.27859
801;1.38977
802;1.60408
803;1.47195
804;1.40024
805;1.59763
806;1.32129
807;1.27939
808;1.55896
809;1.61455
810;1.58958
811;1.57749
812;1.57668
813;1.38333
814;1.36479
815;1.61777
816;1.61536
817;1.61455
818;1.61616
819;1.63066
820;1.61213
821;1.23428
822;1.24314
823;1.24233
824;1.52109
825;1.60891
826;1.60811
827;1.62664
828;1.60166
829;1.60569
830;1.6363
831;1.62502
832;1.62583
833;1.62664
834;1.62905
835;1.6355
836;1.62905
837;1.62583
838;1.59521
839;1.61294
840;1.62502
841;1.61616
842;1.61938
843;1.6218
844;1.61294
845;1.61536
846;1.59199
847;1.60085
848;1.59441
849;1.61455
850;1.60005
851;1.56299
852;1.47517
853;1.59602
854;1.59119
855;1.5936
856;1.5928
857;1.59844
858;1.60408
859;1.60972
860;1.61616
861;1.62019
862;1.63147
863;1.63308
864;1.62744
865;1.64114
866;1.63228
867;1.64275
868;1.63872
869;1.64436
870;1.64758
871;1.64839
872;1.64194
873;1.64275
874;1.64436
875;1.63228
876;1.6363
877;1.62986
878;1.61133
879;1.6218
880;1.62502
881;1.62019
882;1.61777
883;1.61133
884;1.6218
885;1.61777
886;1.62744
887;1.6355
888;1.63711
889;1.63469
890;1.64597
891;1.65081
892;1.65161
893;1.67739
894;1.64355
895;1.62664
896;1.63953
897;1.63469
898;1.62422
899;1.6218
900;1.64194
901;1.621
902;1.62744
903;1.62905
904;1.60811
905;1.62261
906;1.62341
907;1.6363
908;1.63147
909;1.65242
910;1.62744
911;1.62744
912;1.63228
913;1.62664
914;1.62502
915;1.62905
916;1.63953
917;1.64758
918;1.64597
919;1.64114
920;1.64033
921;1.63792
922;1.62422
923;1.64033
924;1.6637
925;1.62825
926;1.63711
927;1.62664
928;1.62664
929;1.64919
930;1.61294
931;1.61938
932;1.61777
933;1.61455
934;1.62502
935;1.61616
936;1.60811
937;1.62019
938;1.62422
939;1.62502
940;1.63066
941;1.62986
942;1.62261
943;1.63389
944;1.63308
945;1.63711
946;1.64194
947;1.63792
948;1.64678
949;1.64517
950;1.65242
951;1.66208
952;1.64355
953;1.64436
954;1.64517
955;1.64194
956;1.64678
957;1.64033
958;1.63711
959;1.62986
960;1.62261
961;1.61938
962;1.62986
963;1.62502
964;1.61938
965;1.61777
966;1.61536
967;1.61938
968;1.62502
969;1.62583
970;1.63792
971;1.64597
972;1.64839
973;1.64033
974;1.621
975;1.63872
976;1.63792
977;1.63469
978;1.63469
979;1.62261
980;1.62664
981;1.60327
982;1.61697
983;1.61616
984;1.62341
985;1.62341
986;1.63228
987;1.64033
988;1.63711
989;1.64517
990;1.6355
991;1.63389
992;1.62825
993;1.62825
994;1.61616
995;1.61455
996;1.61536
997;1.60972
998;1.60488
999;1.60891
1000;1.61133
1001;1.62019
1002;1.60569
1003;1.63066
1004;1.63469
1005;1.64114
1006;1.64597
1007;1.64436
1008;1.63953
1009;1.63469
1010;1.62825
1011;1.63066
1012;1.63066
1013;1.62261
1014;1.63792
1015;1.61616
1016;1.61616
1017;1.61133
1018;1.60972
1019;1.62986
1020;1.60569
1021;1.61697
1022;1.61455
1023;1.61294
1024;1.621
1025;1.62825
1026;1.62583
1027;1.62583
1028;1.62825
1029;1.62905
1030;1.62744
1031;1.65403
1032;1.63147
1033;1.63228
1034;1.61133
1035;1.63389
1036;1.63308
1037;1.63147
1038;1.63308
1039;1.6363
1040;1.63953
1041;1.64114
1042;1.63953
1043;1.63953
1044;1.64678
1045;1.64275
1046;1.6363
1047;1.64839
1048;1.66128
1049;1.64517
1050;1.64194
1051;1.49854
1052;1.65
1053;1.6782
1054;1.63953
1055;1.63711
1056;1.63711
1057;1.58716
1058;1.59844
1059;1.61616
1060;1.62422
1061;1.63147
1062;1.64597
1063;1.59683
1064;1.61536
1065;1.61697
1066;1.61616
1067;1.61536
1068;1.60811
1069;1.6218
1070;1.61616
1071;1.61938
1072;1.62583
1073;1.62744
1074;1.62825
1075;1.62986
1076;1.63147
1077;1.63872
1078;1.6363
1079;1.64275
1080;1.64355
1081;1.64597
1082;1.65886
1083;1.64839
1084;1.64597
1085;1.65403
1086;1.64919
1087;1.65242
1088;1.62905
1089;1.64194
1090;1.63389
1091;1.63872
1092;1.62905
1093;1.62341
1094;1.62422
1095;1.61294
1096;1.61455
1097;1.62422
1098;1.62341
1099;1.62583
1100;1.621
1101;1.63953
1102;1.64194
1103;1.63147
1104;1.65081
1105;1.64678
1106;1.64275
1107;1.64114
1108;1.63792
1109;1.63469
1110;1.63147
1111;1.60811
1112;1.62583
1113;1.64758
1114;1.61455
1115;1.61697
1116;1.62583
1117;1.62583
1118;1.61777
1119;1.60891
1120;1.63228
1121;1.6363
1122;1.67014
1123;1.64194
1124;1.64758
1125;1.64678
1126;1.65483
1127;1.65806
1128;1.65645
1129;1.65886
1130;1.65725
1131;1.66047
1132;1.65403
1133;1.65806
1134;1.64919
1135;1.62341
1136;1.64758
1137;1.6363
1138;1.63792
1139;1.63792
1140;1.62825
1141;1.63389
1142;1.64194
1143;1.61294
1144;1.61858
1145;1.61858
1146;1.62986
1147;1.62664
1148;1.63389
1149;1.6363
1150;1.66208
1151;1.64194
1152;1.64839
1153;1.65161
1154;1.64758
1155;1.65242
1156;1.65645
1157;1.65725
1158;1.65483
1159;1.65161
1160;1.621
1161;1.63469
1162;1.63469
1163;1.63469
1164;1.63066
1165;1.6355
1166;1.61938
1167;1.62502
1168;1.62019
1169;1.60972
1170;1.6218
1171;1.63872
1172;0.640503
1173;1.64517
1174;1.64194
1175;1.66289
1176;1.65645
1177;1.65242
1178;1.63711
1179;1.64678
1180;1.61375
1181;1.65886
1182;1.62825
1183;1.62905
1184;1.62019
1185;1.62986
1186;1.62825
1187;1.65564
1188;1.64517
1189;1.64194
1190;1.64839
1191;1.67498
1192;1.66289
1193;1.63872
1194;1.65
1195;1.64919
1196;1.64517
1197;1.64275
1198;1.62502
1199;1.64033
1200;1.63228
1201;1.64194
1202;1.64275
1203;1.62341
